j_score_intermediat: 9.98966668
KMEANS: 
Iteration: 1
j_score: 6.782699999999999
inter_clustere: 1.5744438016528925
Points: [(0.5, 3.2), (0.75, 3.4), (1.0, 3.5), (1.0, 3.0), (0.85, 2.9), (1.75, 3.2), (1.75, 3.5), (2.0, 3.6), (2.1, 1.0), (2.3, 1.2), (2.8, 0.9)]
Centroids: [(1.5, 0.75), (0.82, 3.2), (2.1167, 2.2333)]
Clusters: {(1.5, 0.75): [(2.1, 1.0), (2.3, 1.2), (2.8, 0.9)], (0.82, 3.2): [(0.5, 3.2), (0.75, 3.4), (1.0, 3.5), (1.0, 3.0), (0.85, 2.9), (1.75, 3.2), (1.75, 3.5), (2.0, 3.6)], (2.1167, 2.2333): []}
