j_score_intermediat: 2.89541667
KMEANS: 
Iteration: 2
j_score: 2.89541667
inter_clustere: 1.2935043253719007
Points: [(0.5, 3.2), (0.75, 3.4), (1.0, 3.5), (1.0, 3.0), (0.85, 2.9), (1.75, 3.2), (1.75, 3.5), (2.0, 3.6), (2.1, 1.0), (2.3, 1.2), (2.8, 0.9)]
Centroids: [(2.4, 1.0333), (1.2, 3.2875), (2.1167, 2.2333)]
Clusters: {(2.4, 1.0333): [(2.1, 1.0), (2.3, 1.2), (2.8, 0.9)], (1.2, 3.2875): [(0.5, 3.2), (0.75, 3.4), (1.0, 3.5), (1.0, 3.0), (0.85, 2.9), (1.75, 3.2), (1.75, 3.5), (2.0, 3.6)], (2.1167, 2.2333): []}
