j_score_intermediat: 17.21995849
KMEANS: 
Iteration: 3
j_score: 14.985825530000001
inter_clustere: 1.9689539443333333
Points: [(0.25, 0.5), (0.5, 0.35), (0.75, 0.5), (1.0, 0.35), (1.4, 0.7), (0.5, 0.85), (0.25, 1.0), (0.75, 1.0), (0.35, 1.25), (0.85, 1.25), (3.25, 0.5), (3.5, 0.35), (3.0, 1.0), (3.25, 0.85), (3.45, 0.85), (3.75, 0.85), (3.25, 1.1), (3.0, 3.25), (3.25, 3.0), (3.1, 3.5), (1.0, 2.5), (1.2, 2.4), (1.25, 2.5), (1.5, 2.5), (0.65, 2.75), (1.2, 2.75), (1.37, 2.75), (1.0, 3.0), (1.1, 3.2), (0.85, 3.35)]
Centroids: [(3.1063, 0.775), (0.5778, 0.7833), (1.5746, 2.8808)]
Clusters: {(3.1063, 0.775): [(3.25, 0.5), (3.5, 0.35), (3.0, 1.0), (3.25, 0.85), (3.45, 0.85), (3.75, 0.85), (3.25, 1.1)], (0.5778, 0.7833): [(0.25, 0.5), (0.5, 0.35), (0.75, 0.5), (1.0, 0.35), (1.4, 0.7), (0.5, 0.85), (0.25, 1.0), (0.75, 1.0), (0.35, 1.25), (0.85, 1.25)], (1.5746, 2.8808): [(3.0, 3.25), (3.25, 3.0), (3.1, 3.5), (1.0, 2.5), (1.2, 2.4), (1.25, 2.5), (1.5, 2.5), (0.65, 2.75), (1.2, 2.75), (1.37, 2.75), (1.0, 3.0), (1.1, 3.2), (0.85, 3.35)]}
