j_score_intermediat: 33.28690838
KMEANS: 
Iteration: 2
j_score: 24.477071269999996
inter_clustere: 1.4879776423333335
Points: [(0.25, 0.5), (0.5, 0.35), (0.75, 0.5), (1.0, 0.35), (1.4, 0.7), (0.5, 0.85), (0.25, 1.0), (0.75, 1.0), (0.35, 1.25), (0.85, 1.25), (3.25, 0.5), (3.5, 0.35), (3.0, 1.0), (3.25, 0.85), (3.45, 0.85), (3.75, 0.85), (3.25, 1.1), (3.0, 3.25), (3.25, 3.0), (3.1, 3.5), (1.0, 2.5), (1.2, 2.4), (1.25, 2.5), (1.5, 2.5), (0.65, 2.75), (1.2, 2.75), (1.37, 2.75), (1.0, 3.0), (1.1, 3.2), (0.85, 3.35)]
Centroids: [(2.3208, 0.7), (0.475, 1.2667), (1.6517, 2.8917)]
Clusters: {(2.3208, 0.7): [(1.4, 0.7), (3.25, 0.5), (3.5, 0.35), (3.0, 1.0), (3.25, 0.85), (3.45, 0.85), (3.75, 0.85), (3.25, 1.1)], (0.475, 1.2667): [(0.25, 0.5), (0.5, 0.35), (0.75, 0.5), (1.0, 0.35), (0.5, 0.85), (0.25, 1.0), (0.75, 1.0), (0.35, 1.25), (0.85, 1.25)], (1.6517, 2.8917): [(3.0, 3.25), (3.25, 3.0), (3.1, 3.5), (1.0, 2.5), (1.2, 2.4), (1.25, 2.5), (1.5, 2.5), (0.65, 2.75), (1.2, 2.75), (1.37, 2.75), (1.0, 3.0), (1.1, 3.2), (0.85, 3.35)]}
