j_score_intermediat: 683.33333335
KMEANS: 
Iteration: 1
j_score: 675.88964446
inter_clustere: 33.25185185288888
Points: [(-9.0, 0.0), (-8.0, 0.0), (-7.0, 0.0), (-6.0, 0.0), (-5.0, 0.0), (5.0, 0.0), (6.0, 0.0), (7.0, 0.0), (8.0, 0.0), (9.0, 0.0), (5.0, 0.0), (6.0, 0.0), (7.0, 0.0), (8.0, 0.0), (9.0, 0.0)]
Centroids: [(-20.0, 0.0), (2.3333, 0.0)]
Clusters: {(-20.0, 0.0): [(-9.0, 0.0)], (2.3333, 0.0): [(-8.0, 0.0), (-7.0, 0.0), (-6.0, 0.0), (-5.0, 0.0), (5.0, 0.0), (6.0, 0.0), (7.0, 0.0), (8.0, 0.0), (9.0, 0.0), (5.0, 0.0), (6.0, 0.0), (7.0, 0.0), (8.0, 0.0), (9.0, 0.0)]}
