j_score_intermediat: 545.7142857400002
KMEANS: 
Iteration: 2
j_score: 198.7722041
inter_clustere: 43.251746940000004
Points: [(-9.0, 0.0), (-8.0, 0.0), (-7.0, 0.0), (-6.0, 0.0), (-5.0, 0.0), (5.0, 0.0), (6.0, 0.0), (7.0, 0.0), (8.0, 0.0), (9.0, 0.0), (5.0, 0.0), (6.0, 0.0), (7.0, 0.0), (8.0, 0.0), (9.0, 0.0)]
Centroids: [(-9.0, 0.0), (3.1429, 0.0)]
Clusters: {(-9.0, 0.0): [(-9.0, 0.0), (-8.0, 0.0), (-7.0, 0.0), (-6.0, 0.0), (-5.0, 0.0)], (3.1429, 0.0): [(5.0, 0.0), (6.0, 0.0), (7.0, 0.0), (8.0, 0.0), (9.0, 0.0), (5.0, 0.0), (6.0, 0.0), (7.0, 0.0), (8.0, 0.0), (9.0, 0.0)]}
