j_score_intermediat: 2.5639969300000005
KMEANS: 
Iteration: 1
j_score: 2.38820786
inter_clustere: 0.06614888422222223
Points: [(0.15, 0.05), (0.1, 0.1), (0.2, 0.1), (0.75, 0.1), (0.05, 0.14), (0.14, 0.14), (0.12, 0.16), (0.18, 0.18), (0.07, 0.21), (0.13, 0.22), (0.22, 0.22), (0.1, 0.27), (0.13, 0.25), (0.65, 0.55), (0.75, 0.56), (0.85, 0.6), (0.63, 0.68), (0.67, 0.85), (0.72, 0.75), (0.78, 0.82), (0.82, 0.72), (0.2, 0.65), (0.15, 0.7), (0.2, 0.75), (0.18, 0.9), (0.07, 0.83), (0.25, 0.77), (0.32, 0.7), (0.35, 0.75), (0.37, 0.88)]
Centroids: [(0.1752, 0.4271), (0.42, 0.46), (0.7356, 0.6256)]
Clusters: {(0.1752, 0.4271): [(0.15, 0.05), (0.1, 0.1), (0.2, 0.1), (0.05, 0.14), (0.14, 0.14), (0.12, 0.16), (0.18, 0.18), (0.07, 0.21), (0.13, 0.22), (0.22, 0.22), (0.1, 0.27), (0.13, 0.25), (0.2, 0.65), (0.15, 0.7), (0.2, 0.75), (0.18, 0.9), (0.07, 0.83), (0.25, 0.77)], (0.42, 0.46): [(0.75, 0.1), (0.32, 0.7), (0.35, 0.75), (0.37, 0.88)], (0.7356, 0.6256): [(0.65, 0.55), (0.75, 0.56), (0.85, 0.6), (0.63, 0.68), (0.67, 0.85), (0.72, 0.75), (0.78, 0.82), (0.82, 0.72)]}
