j_score_intermediat: 2.18800284
KMEANS: 
Iteration: 2
j_score: 1.8314292399999998
inter_clustere: 0.08132099688888891
Points: [(0.15, 0.05), (0.1, 0.1), (0.2, 0.1), (0.75, 0.1), (0.05, 0.14), (0.14, 0.14), (0.12, 0.16), (0.18, 0.18), (0.07, 0.21), (0.13, 0.22), (0.22, 0.22), (0.1, 0.27), (0.13, 0.25), (0.65, 0.55), (0.75, 0.56), (0.85, 0.6), (0.63, 0.68), (0.67, 0.85), (0.72, 0.75), (0.78, 0.82), (0.82, 0.72), (0.2, 0.65), (0.15, 0.7), (0.2, 0.75), (0.18, 0.9), (0.07, 0.83), (0.25, 0.77), (0.32, 0.7), (0.35, 0.75), (0.37, 0.88)]
Centroids: [(0.1467, 0.3689), (0.4475, 0.6075), (0.7338, 0.6913)]
Clusters: {(0.1467, 0.3689): [(0.15, 0.05), (0.1, 0.1), (0.2, 0.1), (0.05, 0.14), (0.14, 0.14), (0.12, 0.16), (0.18, 0.18), (0.07, 0.21), (0.13, 0.22), (0.22, 0.22), (0.1, 0.27), (0.13, 0.25)], (0.4475, 0.6075): [(0.75, 0.1), (0.2, 0.65), (0.15, 0.7), (0.2, 0.75), (0.18, 0.9), (0.07, 0.83), (0.25, 0.77), (0.32, 0.7), (0.35, 0.75), (0.37, 0.88)], (0.7338, 0.6913): [(0.65, 0.55), (0.75, 0.56), (0.85, 0.6), (0.63, 0.68), (0.67, 0.85), (0.72, 0.75), (0.78, 0.82), (0.82, 0.72)]}
