j_score_intermediat: 12.657559999999998
KMEANS: 
Iteration: 1
j_score: 12.657559999999998
inter_clustere: 2.578941
Points: [(1.9, 0.97), (1.76, 0.84), (2.32, 1.63), (2.31, 2.09), (1.14, 2.11), (5.02, 3.02), (5.74, 3.84), (2.25, 3.47), (4.71, 3.6), (3.17, 4.96)]
Centroids: [(1.886, 1.528), (4.178, 3.778)]
Clusters: {(1.886, 1.528): [(1.9, 0.97), (1.76, 0.84), (2.32, 1.63), (2.31, 2.09), (1.14, 2.11)], (4.178, 3.778): [(5.02, 3.02), (5.74, 3.84), (2.25, 3.47), (4.71, 3.6), (3.17, 4.96)]}
