KMEANS: 
Iteration: 0
j_score: 26.281299999999998
inter_clustere: 4.727603
Points: [(1.9, 0.97), (1.76, 0.84), (2.32, 1.63), (2.31, 2.09), (1.14, 2.11), (5.02, 3.02), (5.74, 3.84), (2.25, 3.47), (4.71, 3.6), (3.17, 4.96)]
Centroids: [(1.9, 0.97), (3.17, 4.96)]
Clusters: {(1.9, 0.97): [(1.9, 0.97), (1.76, 0.84), (2.32, 1.63), (2.31, 2.09), (1.14, 2.11)], (3.17, 4.96): [(5.02, 3.02), (5.74, 3.84), (2.25, 3.47), (4.71, 3.6), (3.17, 4.96)]}
