j_score_intermediat: 3.16666667
KMEANS: 
Iteration: 1
j_score: 3.16666667
inter_clustere: 2.166669334
Points: [(1.0, 0.0), (-1.0, 0.0), (0.0, 1.0), (3.0, 0.0), (3.0, 1.0)]
Centroids: [(0.0, 0.3333), (3.0, 0.5)]
Clusters: {(0.0, 0.3333): [(1.0, 0.0), (-1.0, 0.0), (0.0, 1.0)], (3.0, 0.5): [(3.0, 0.0), (3.0, 1.0)]}
