j_score_intermediat: 22.45875
KMEANS: 
Iteration: 1
j_score: 16.599999999999998
inter_clustere: 1.626505102040816
Points: [(1.5, 4.25), (1.25, 3.5), (1.0, 4.5), (2.75, 4.6), (4.5, 1.2), (4.0, 0.35), (2.0, 0.5)]
Centroids: [(3.75, 2.05), (1.4375, 3.1875)]
Clusters: {(3.75, 2.05): [(4.5, 1.2), (4.0, 0.35), (2.0, 0.5)], (1.4375, 3.1875): [(1.5, 4.25), (1.25, 3.5), (1.0, 4.5), (2.75, 4.6)]}
