j_score_intermediat: 6.466041669999999
KMEANS: 
Iteration: 2
j_score: 6.466041669999999
inter_clustere: 3.911235340612245
Points: [(1.5, 4.25), (1.25, 3.5), (1.0, 4.5), (2.75, 4.6), (4.5, 1.2), (4.0, 0.35), (2.0, 0.5)]
Centroids: [(3.5, 0.6833), (1.625, 4.2125)]
Clusters: {(3.5, 0.6833): [(4.5, 1.2), (4.0, 0.35), (2.0, 0.5)], (1.625, 4.2125): [(1.5, 4.25), (1.25, 3.5), (1.0, 4.5), (2.75, 4.6)]}
