j_score_intermediat: 2.66666667
KMEANS: 
Iteration: 1
j_score: 2.66666667
inter_clustere: 0.3333166675
Points: [(1.0, 2.0), (2.0, 1.0), (2.0, 3.0), (3.0, 2.0)]
Centroids: [(2.0, 1.0), (2.0, 2.3333)]
Clusters: {(2.0, 1.0): [(2.0, 1.0)], (2.0, 2.3333): [(1.0, 2.0), (2.0, 3.0), (3.0, 2.0)]}
